1 39 59 1 5 2045 16 2 1951
2 56 60 20 11 2020 18 1 2085
3 100 37 7 2 2058 10 8 1989
4 17 67 7 9 2029 21 10 1982
5 36 91 24 5 1961 27 5 2005
6 57 47 20 11 2084 8 7 2100
7 54 61 18 8 1995 26 6 1942
8 49 34 3 3 1931 5 9 2068
9 45 37 28 2 1921 28 1 1907
10 93 13 29 1 2050 24 4 1964
11 45 39 18 6 2075 12 2 2043
12 51 41 8 7 1979 9 7 1992
13 99 92 20 12 1940 19 10 1913
14 8 18 25 2 1950 13 5 1934
15 25 81 8 9 2004 12 2 2011
16 36 79 25 7 1981 28 8 2090
17 2 20 4 10 1956 20 8 2039
18 21 55 19 10 1904 7 9 1994
19 13 36 13 4 2012 24 5 2088
20 24 72 14 12 2032 6 1 2057
21 94 48 27 9 2087 5 8 2019
22 49 46 15 4 1951 25 4 1983
23 70 81 17 4 2012 12 12 2007
24 34 44 1 1 1982 18 5 1910
25 83 38 12 12 1942 6 9 1952
26 16 49 24 4 1949 8 3 2029
27 88 58 22 1 1940 16 1 2027
28 60 83 19 12 1933 23 8 1993
29 48 17 5 8 2017 10 4 1988
30 82 50 7 8 1976 6 1 1989
31 99 45 28 10 1916 28 11 2025
32 92 13 3 1 2006 29 3 1969
33 6 41 8 4 2024 13 7 1904
34 75 39 6 5 2065 11 10 1975
35 3 16 9 3 1916 8 10 2076
36 63 18 14 9 2009 8 9 1998
37 10 39 12 5 1930 6 4 2099
38 95 3 28 2 1999 9 3 1986
39 3 45 25 6 1963 21 3 2042
40 73 86 23 8 2037 2 6 2025
41 45 29 22 10 2025 8 3 1965
42 73 57 8 12 2052 12 7 1983
43 41 39 6 12 2075 15 1 1907
44 26 69 14 1 1972 25 3 2090
45 6 36 5 8 1947 19 3 1952
46 18 91 2 10 2046 11 6 1950
47 59 34 14 8 2050 8 12 1984
48 26 84 9 1 1980 12 3 2088
49 20 80 9 7 2057 2 12 1930
50 38 84 20 10 1926 11 5 2094
51 70 1 17 4 2041 26 1 1905
52 52 13 23 7 1982 9 6 2004
53 50 50 16 10 2066 16 2 1995
54 9 88 5 4 1988 18 3 2079
55 21 46 24 8 2055 9 11 2029
56 81 37 7 4 1954 7 12 1949
57 65 96 6 6 1944 4 1 2100
58 78 15 11 2 1952 27 12 1994
59 70 68 16 1 2086 4 6 2005
60 65 73 27 7 1920 22 2 1956
61 37 72 1 2 2073 27 6 1924
62 99 81 22 1 1986 16 9 1951
63 35 35 15 11 2044 4 7 2072
64 88 31 12 9 2095 3 4 2016
65 38 24 19 11 2063 21 9 2068
66 22 30 24 3 1945 7 4 2021
67 77 48 24 5 1930 11 5 1959
68 38 93 25 5 1945 6 4 1978
69 79 6 8 8 1936 29 8 1924
70 8 74 8 4 1942 20 7 2029
71 24 5 10 11 2096 22 8 1921
72 42 34 8 9 1924 10 12 2082
73 42 65 18 10 1973 3 5 1907
74 81 25 18 12 1906 21 6 2062
75 8 3 5 7 2046 19 8 1903
76 93 66 16 2 1969 19 7 2023
77 41 12 5 5 2037 29 11 2090
78 4 92 7 1 2018 21 12 1993
79 97 6 6 10 1907 12 6 2041
80 59 96 28 2 1975 2 5 1922
81 97 97 4 12 2050 11 3 2072
82 47 81 24 6 2081 18 1 1990
83 94 11 3 3 2057 9 9 1958
84 72 66 28 5 1920 7 3 2090
85 66 63 20 8 1946 17 8 2038
86 76 69 5 5 2086 27 9 1940
87 76 76 17 12 1926 2 10 2039
88 4 83 2 10 1970 21 8 1928
89 7 22 12 8 2086 15 2 2004
90 64 61 15 3 2072 23 5 1923
91 88 99 27 5 2099 11 4 1923
92 94 87 17 2 1911 28 8 2027
93 18 82 6 5 2014 9 9 2001
94 55 95 17 11 1968 22 4 2012
95 39 2 11 3 2048 2 3 2075
96 56 14 10 1 2013 28 12 1940
97 61 87 20 2 2026 17 6 1957
98 93 77 21 10 1958 20 6 1935
99 52 79 20 2 1996 30 11 1918
100 36 36 10 10 2100 15 7 1971
1234 4 15 10 10 10 11 11 11
1224 15 4 10 10 10 11 11 11
